//bug warning: dont fill the first and the last 3 rows of the map data!!
//dont change any linebreaks or spaces!!
//max 999 different wall types can be used, so values from 01 to 999 are OK

[MAPSTART]
1	//player start perspective, 0=N /\, 1=S \/, 2=E >, 3=W <
0243   	//player start position 243 - 445
006 000 001 001 001 001 001 001 001 001 001 001 001 001 001 001 001 001 001 001 001 001 001 001 001 001 001 001 001 001 001 001 001 // 0 - 32
001 001 001 001 001 001 001 001 001 001 001 001 001 001 001 001 001 001 001 001 001 001 001 001 001 001 001 001 001 001 001 001 001 // 33 - 65
001 001 001 001 001 001 001 001 001 001 001 001 001 001 001 001 001 001 001 001 001 001 001 001 001 001 001 001 001 001 001 001 001 // 66 - 98
001 001 001 001 001 001 001 001 001 001 001 001 001 001 001 001 001 001 001 001 001 001 001 001 001 001 001 001 001 001 001 001 001 // 99 - 131
001 001 001 001 001 001 001 001 001 001 001 001 001 001 001 001 001 001 001 001 001 001 001 001 001 001 001 001 001 001 001 001 001 // 132 - 164
001 001 001 001 001 001 001 001 001 001 001 001 001 001 001 001 001 001 001 001 001 001 001 001 001 001 001 001 001 001 001 001 001 // 165 - 197
001 001 001 001 001 001 001 001 001 001 001 001 001 000 001 001 000 001 003 001 003 001 001 001 001 001 001 001 001 001 001 001 001 // 198 - 230
001 001 001 001 001 001 001 001 001 001 001 001 000 000 000 001 000 000 000 000 000 000 001 001 001 001 001 001 001 001 001 001 001 // 231 - 263
001 001 001 001 001 001 001 001 001 001 001 001 000 001 000 000 001 003 001 000 001 000 003 001 001 001 001 001 001 001 001 001 001 // 264 - 296
001 001 001 001 001 001 001 001 001 001 000 001 000 001 001 000 001 001 001 000 001 003 001 001 001 001 001 001 001 001 001 001 001 // 297 - 329
001 001 001 001 001 001 001 001 001 000 000 000 000 000 000 000 000 001 000 000 000 001 000 001 001 001 001 001 001 001 001 001 001 // 330 - 362
001 001 001 001 001 001 001 001 001 001 000 001 000 001 000 001 001 001 001 001 000 000 000 000 000 001 001 001 001 001 001 001 001 // 363 - 395
001 001 001 001 001 001 001 001 001 001 000 000 000 001 000 001 002 000 000 000 000 001 001 000 001 001 001 001 001 001 001 001 001 // 396 - 428
001 001 001 001 001 001 001 001 001 001 001 000 001 000 000 001 000 001 001 001 000 001 000 000 001 001 001 001 001 001 001 001 001 // 429 - 461
001 001 001 001 001 001 001 001 001 001 001 000 000 000 001 001 000 000 000 001 000 000 000 001 001 001 001 001 001 001 001 001 001 // 462 - 494
001 001 001 001 001 001 001 001 001 001 001 001 000 001 000 000 000 001 000 000 001 001 000 001 001 001 001 001 001 001 001 001 001 // 495 - 527
001 001 001 001 001 001 001 001 001 001 001 000 000 000 000 001 000 001 001 000 000 000 000 000 001 001 001 001 001 001 001 001 001 // 528 - 560
001 001 001 001 001 001 001 001 001 001 001 001 000 001 001 000 000 000 000 000 001 000 001 001 001 001 001 001 001 001 001 001 001 // 561 - 593
001 001 001 001 001 001 001 001 001 001 001 001 001 001 001 001 001 001 001 001 001 001 001 001 001 001 001 001 001 001 001 001 001 // 594 - 626
001 001 001 001 001 001 001 001 001 001 001 001 001 001 001 001 001 001 001 001 001 001 001 001 001 001 001 001 001 001 001 001 001 // 627 - 659
001 001 001 001 001 001 001 001 001 001 001 001 001 001 001 001 001 001 001 001 001 001 001 001 001 001 001 001 001 001 001 001 001 // 660 - 692
004 004 004 004 004 004 004 004 004 004 004 004 004 004 004 004 004 004 004 004 004 004 004 004 004 004 004 004 004 004 004 004 004 // 693 - 725
004 004 004 004 004 004 004 004 004 004 004 004 004 004 004 004 004 004 004 004 004 004 004 004 004 004 004 004 004 004 004 004 004 // 726 - 758
004 004 004 004 004 004 004 004 004 004 004 004 004 004 004 004 004 004 004 004 004 004 004 004 004 004 004 004 004 004 004 004 004 // 759 - 791
004 004 004 004 004 004 004 004 004 004 004 004 004 004 004 004 004 004 004 004 004 004 004 004 004 004 004 004 004 004 004 004 004 // 792 - 824
004 004 004 004 004 004 004 004 004 004 000 000 000 000 004 004 004 004 004 004 004 004 004 004 004 004 004 004 004 004 004 004 004 // 825 - 857
004 004 004 004 004 004 004 004 004 004 000 000 004 000 000 000 000 000 000 005 004 004 004 004 004 004 004 004 004 004 004 004 004 // 858 - 890
004 004 004 004 004 004 004 004 004 004 004 004 004 004 004 004 004 004 004 004 004 004 004 004 004 004 004 004 004 004 004 004 004 // 891 - 923
004 004 004 004 004 004 004 004 004 004 004 004 004 004 004 004 004 004 004 004 004 004 004 004 004 004 004 004 004 004 004 004 004 // 924 - 956
004 004 004 004 004 004 004 004 004 004 004 004 004 004 004 004 004 004 004 004 004 004 004 004 004 004 004 004 004 004 004 004 004 // 957 - 989
004 004 004 004 004 004 004 004 004 004 004 004 004 004 004 004 004 004 004 004 004 004 004 004 004 004 004 004 004 004 004 004 004 // 990 - 1022
004 004 004 004 004 004 004 004 004 004 004 004 004 004 004 004 004 004 004 004 004 004 004 004 004 004 004 004 004 004 004 004 004 // 1023 - 1055
004 004 004 004 004 004 004 004 004 004 004 004 004 004 004 004 004 004 004 004 004 004 004 004 004 004 004 004 004 004 004 004 004 // 1056 - 1088
[MAPEND]

// Map Position - Item ID - left (1) or right (2) with north-view
[ITEMDATA]
0278 019 1
0473 019 1
0451 019 1
0480 019 1
0513 002 1
0835 036 1
0868 038 1
0869 031 1
0387 016 1
[ITEMDATAEND]

//Events - 1 event per map position, position = event ID
//events with position > 1088 are outside the playfield and can be used for hidden or combined events
//scheme: EVENTPOS EVENTTYP PARAM0 PARAM1 PARAM2 PARAM3 PARAM4 PARAM5 PARAM6 PARAM7 PARAM8 PARAM9 (reserved for kill-event-after-happening: 0 or 1)
//Type 0001, teleport (when moved in) to map-position and show an optional image with text before with yes-no choice
//	""		teleport to-position lookat-position imageID(optional) stringlinenr(optional, 0-n) linecount(optional) eventmusic(optional,0=off,1-n)
//Type 0002, message out (when moved in), optional if a character is speaking
// ""		message-out stringlinenr linecount(max: 2) charid(optional, 1-4)
//Type 0003, changetileid (when clicked in) to tileid(must be avaiable in map anywhere!) and show an optional image with text before with yes-no choice, if yes items can be placed at the player position
//	""		changetileid newtileid imageID(optional) stringlinenr(optional, 0-n) linecount(optional) item1(optional) item2(optional) item3(optional)
//Type 0004, show an image with text before with yes-no-ok choice
//	""		showimage imageID stringlinenr(0-n) linecount do-event-id-after-yes(optional) do-event-id-after-no(optional) OK-button-instead-yes_no (optional) eventmusic(optional,0=off,1-n), largepic (optional, 0=no,1=yes)
//Type 0005, change map
//	""		changemap newmapID warpToPos (optional) faceTo (optional)


[EVENTDATA]
0612 0001 0876 0003 0001 0036 0002 0002 0000 0000 0000 0000 //hidden dungeon in
0877 0001 0579 0000 0000 0038 0001 0000 0000 0000 0000 0000 //hidden dungeon out
0252 0002 0155 0002 0001 0000 0000 0000 0000 0000 0000 0001 //message "graveyard"
0547 0002 0162 0002 0002 0000 0000 0000 0000 0000 0000 0001 //message "look at the trees..."
0216 0003 0006 0000 0157 0001 0091 0044 0000 0000 0000 0001 //grave dig
0218 0003 0006 0000 0157 0001 0091 0044 0000 0000 0000 0001 //grave dig
0281 0003 0006 0000 0157 0001 0091 0044 0000 0000 0000 0001 //grave dig
0286 0003 0006 0000 0157 0001 0091 0044 0000 0000 0000 0001 //grave dig
0318 0003 0006 0000 0157 0001 0091 0044 0000 0000 0000 0001 //grave dig
0442 0004 0002 0158 0004 2000 2001 0000 0001 0000 0000 0001 //woman found
2000 0001 0414 0003 0002 0169 0009 0000 0000 0000 0000 0001 //woman lead to temple
2001 0004 0002 0167 0002 0000 0000 0001 0000 0000 0000 0001 //woman good bye
0412 0004 0003 0182 0001 2002 0000 0000 0003 0001 0000 0000 //darkmoon found
2002 0005 0001 0000 0003 0000 0000 0000 0000 0000 0000 0000 //change map
[EVENTDATAEND]


//0=N /\, 1=S \/, 2=E >, 3=W <
//Monster: map-position monstertype-id monster-face friendly-or-not
//Type 0001: wolf
[MONSTERDATA]
0406 0001 0000 0000
0483 0001 0000 0000
0419 0001 0000 0000
0835 0001 0000 0000
0550 0001 0000 0000
[MONSTERDATAEND]
